"EngagementId","UserId","EngagementDisabled","Id","BillRateId","CreateDate","UpdateDate","EffectiveDate"
"D35D47FF-0276-4BF9-AD05-08DB36C371D9","AB995316-AC5B-4F93-3F22-08DB008453BF","False","23AF97D2-8064-40F2-81C7-06C1ECF5ED18","377726B7-FD50-43DD-380F-08DB36C37F78","2023-04-06 17:30:03.385700","2023-04-06 17:30:03.385701",""
"A8F1734B-489B-40EC-1813-08DB15BD3991","AB995316-AC5B-4F93-3F22-08DB008453BF","False","3B2D4EFA-12BC-42D7-8C46-0A7712622598","CD46A77A-DA4B-453B-CADC-08DB15BD9DB5","2023-02-23 20:37:43.902236","2023-02-23 20:37:43.902237",""
"AC879697-FBB8-446C-C5F7-08DB00840455","AB995316-AC5B-4F93-3F22-08DB008453BF","False","468A03CE-6083-45F8-8BEB-0AC1394C1363","ACE7AF9C-8BE5-4CFD-0016-08DB0085AF8C","2023-01-27 16:45:58.442129","2023-01-27 16:45:58.442130",""
"FC946E98-8071-4094-AD06-08DB36C371D9","AB995316-AC5B-4F93-3F22-08DB008453BF","False","7A47EE0E-804B-4623-A684-0B88EC6BE692","F31D0858-80C8-48E4-3814-08DB36C37F78","2023-04-06 18:11:39.071191","2023-04-06 18:11:39.071192",""
"58CAC6EF-B24A-4247-5E41-08DB2F1F530D","AB995316-AC5B-4F93-3F22-08DB008453BF","False","A7A2EC8B-D070-428A-937E-0C64294B5BD8","E3BFF647-B921-4D6F-717E-08DB2F1A3DB2","2023-03-28 00:21:09.402347","2023-03-28 00:21:09.402347",""
"BD3D3005-0152-4868-E3E7-08DB1AB78737","AB995316-AC5B-4F93-3F22-08DB008453BF","False","87A35378-2270-4969-85BF-0C6CA5AB35E8","875DD373-D8F0-4DFC-4821-08DB1AB59309","2023-03-02 00:47:07.660158","2023-03-02 00:47:07.660159",""
"D35D47FF-0276-4BF9-AD05-08DB36C371D9","AB995316-AC5B-4F93-3F22-08DB008453BF","False","DA6A23BD-CFFA-4F76-9BCA-0CC48F3D44A3","853625E5-349F-4500-380A-08DB36C37F78","2023-04-06 17:22:28.851226","2023-04-06 17:22:28.851227",""
"86C83CA3-3BEC-4FA3-6C6A-08DB2EE8BD46","AB995316-AC5B-4F93-3F22-08DB008453BF","False","D96AB5A9-E5AA-4170-B879-0D180B71496A","4CD00948-D3C8-43A6-2A31-08DB2EE3B6A1","2023-03-27 17:30:50.876349","2023-03-27 17:30:50.876350",""
"6E245FFC-C7DD-4415-0151-08DB3D4AB7BE","AB995316-AC5B-4F93-3F22-08DB008453BF","False","79506DB3-C784-4CCC-9887-0E4E6116E774","C62B505A-C5BE-4708-BB03-08DB3D366DDF","2023-04-15 00:46:35.833488","2023-04-15 00:46:35.833489",""
"EBE72452-1268-4A66-C8DD-08DB2BD0FA06","AB995316-AC5B-4F93-3F22-08DB008453BF","False","A8551102-1DBC-4DBA-9D89-1235BDC5BB8D","44FC882F-744B-43C9-6306-08DB2BD10AFE","2023-03-23 22:34:48.062580","2023-03-23 22:34:48.062582",""
"279B735F-CCEB-4EE8-5E40-08DB2F1F530D","AB995316-AC5B-4F93-3F22-08DB008453BF","False","78957318-91B5-4FEF-A858-1551E88C2413","2AA7AF78-5A6B-47D9-7173-08DB2F1A3DB2","2023-03-28 00:15:00.837419","2023-03-28 00:15:00.837420",""
"D35D47FF-0276-4BF9-AD05-08DB36C371D9","AB995316-AC5B-4F93-3F22-08DB008453BF","False","9A1D6F31-2B01-4F88-BDCE-15817ECEA938","DA30760C-83C6-4701-380C-08DB36C37F78","2023-04-06 17:29:08.260755","2023-04-06 17:29:08.260757",""
"58CAC6EF-B24A-4247-5E41-08DB2F1F530D","AB995316-AC5B-4F93-3F22-08DB008453BF","False","BD3137D2-258D-4021-8652-17B7A2C2AEEA","","0001-01-01 00:00:00","0001-01-01 00:00:00",""
"EDABC313-0F1E-4CBF-C94F-08DB0317A5BD","AB995316-AC5B-4F93-3F22-08DB008453BF","False","C7D2C792-0B60-4C10-B129-1820CC1B6336","BB7C1910-C054-4CD9-479A-08DB0317C6FF","2023-01-30 23:14:46.236477","2023-01-30 23:14:46.236479",""
"EDABC313-0F1E-4CBF-C94F-08DB0317A5BD","AB995316-AC5B-4F93-3F22-08DB008453BF","False","0FE32B64-2ED5-4043-A5A2-190FC7ACCE86","CEBDDD3F-9613-4D8C-4799-08DB0317C6FF","2023-01-30 23:14:46.220072","2023-01-30 23:14:46.220073",""
"EBE72452-1268-4A66-C8DD-08DB2BD0FA06","AB995316-AC5B-4F93-3F22-08DB008453BF","False","29509177-63B5-4EB0-A130-195A0D174174","5843C262-FE25-45CF-6308-08DB2BD10AFE","2023-03-23 22:35:11.172643","2023-03-23 22:35:11.172645",""
"CF23E036-061D-4C01-87FA-08DB31424D3E","AB995316-AC5B-4F93-3F22-08DB008453BF","False","6F07373C-D3FB-4D44-89FD-1CDA9F6436D4","86252752-03FA-43D6-1BF7-08DB3139A4E6","2023-03-30 17:36:05.695873","2023-03-30 17:36:05.695874",""
"A8F1734B-489B-40EC-1813-08DB15BD3991","AB995316-AC5B-4F93-3F22-08DB008453BF","False","971DC139-ABF7-42CA-82D7-1DDCB5A18DCA","40F0EC3E-A384-4E5F-CAD9-08DB15BD9DB5","2023-02-23 20:37:43.849905","2023-02-23 20:37:43.849906",""
"1CB9CEE1-5904-48A5-1814-08DB15BD3991","AB995316-AC5B-4F93-3F22-08DB008453BF","False","156F7563-8F25-4742-BC29-1F23395F0F91","F4531FC5-58D0-4FE1-CAE8-08DB15BD9DB5","2023-02-23 20:48:07.377600","2023-02-23 20:48:07.377601",""
"903368F3-BE83-4304-3998-08DB1131D472","AB995316-AC5B-4F93-3F22-08DB008453BF","False","1347CA8C-10DC-4D20-9EC3-21C83EC7CCA7","8CFA88FD-0393-4E88-BF07-08DB112E7B1F","2023-02-17 21:57:24.862520","2023-02-17 21:57:24.862522",""
"76DD98A4-E61A-4EEE-2DA0-08DB1A80A9F0","AB995316-AC5B-4F93-3F22-08DB008453BF","False","338E0A3B-1532-451A-9EE0-24F7FD4245C4","D54B5FEB-22AB-4F8C-057B-08DB1A74BA3C","2023-03-01 19:02:24.162464","2023-03-01 19:02:24.162465",""
"1CB9CEE1-5904-48A5-1814-08DB15BD3991","AB995316-AC5B-4F93-3F22-08DB008453BF","False","8E865210-0564-4764-836B-2656863E8821","BE8E917E-D267-475B-CAE6-08DB15BD9DB5","2023-02-23 20:48:07.351501","2023-02-23 20:48:07.351502",""
"EDABC313-0F1E-4CBF-C94F-08DB0317A5BD","AB995316-AC5B-4F93-3F22-08DB008453BF","False","ED8FF527-8CA3-44B3-B945-27B85B986BB2","80EDBD4E-5ED9-4D40-4798-08DB0317C6FF","2023-01-30 23:14:46.202600","2023-01-30 23:14:46.202601",""
"4248FE98-CA44-4F65-C5F3-08DB00840455","AB995316-AC5B-4F93-3F22-08DB008453BF","False","8F5C99D9-85D8-4280-8460-27F94A4FA6F3","576034EC-C186-446B-001B-08DB0085AF8C","2023-01-27 16:48:18.138807","2023-01-27 16:48:18.138809",""
"2ED507B2-D52B-4288-394D-08DB45B7DE40","AB995316-AC5B-4F93-3F22-08DB008453BF","False","2455E361-D017-4713-BD29-2858A5A76147","FDD55636-634A-4A28-C76C-08DB45B33A04","2023-04-25 18:20:24.118377","2023-04-25 18:20:24.118378",""
"EDABC313-0F1E-4CBF-C94F-08DB0317A5BD","AB995316-AC5B-4F93-3F22-08DB008453BF","False","A10474B9-17E7-40B3-84E0-29359962A740","C3755CFF-09F3-4B6E-4796-08DB0317C6FF","2023-01-30 23:14:46.170173","2023-01-30 23:14:46.170174",""
"F823F86C-4BDE-44C3-180F-08DB15BD3991","AB995316-AC5B-4F93-3F22-08DB008453BF","False","F343E256-27D1-474F-B90C-2A1203AD80C7","","0001-01-01 00:00:00","0001-01-01 00:00:00",""
"58CAC6EF-B24A-4247-5E41-08DB2F1F530D","AB995316-AC5B-4F93-3F22-08DB008453BF","False","99ABA737-50FF-48D7-815C-2A7079522912","BFF681BA-2CF5-4169-717A-08DB2F1A3DB2","2023-03-28 00:21:09.352097","2023-03-28 00:21:09.352098",""
"8874B467-4DBA-4BFB-C5F5-08DB00840455","AB995316-AC5B-4F93-3F22-08DB008453BF","False","EDD40859-60C8-4827-B1E6-2B97DE6E6E63","4EBF0324-4145-46FF-0021-08DB0085AF8C","2023-01-27 16:50:25.641670","2023-01-27 16:50:25.641671",""
"1CB9CEE1-5904-48A5-1814-08DB15BD3991","AB995316-AC5B-4F93-3F22-08DB008453BF","False","3BAEE0FB-CB35-43C7-9058-2EA9DEE50925","1DD34289-951F-48E5-CAE7-08DB15BD9DB5","2023-02-23 20:48:07.376652","2023-02-23 20:48:07.376653",""
"CF23E036-061D-4C01-87FA-08DB31424D3E","AB995316-AC5B-4F93-3F22-08DB008453BF","False","21478BEC-5295-4FC4-9A1E-30B07C097E6F","9DBEA643-7941-4B97-1BF5-08DB3139A4E6","2023-03-30 17:36:05.662741","2023-03-30 17:36:05.662741",""
"23BDDBC6-DBA4-45F0-C5F4-08DB00840455","AB995316-AC5B-4F93-3F22-08DB008453BF","False","A8DFABDC-4FD7-4A1A-A8DB-333394B052A0","D9059E96-8410-4C4C-001F-08DB0085AF8C","2023-01-27 16:49:56.207706","2023-01-27 16:49:56.207707",""
"FC946E98-8071-4094-AD06-08DB36C371D9","AB995316-AC5B-4F93-3F22-08DB008453BF","False","7E2D47D5-017B-46D3-B6C5-33B7E0CBAB1D","CD4C0638-7AB7-4DE8-3811-08DB36C37F78","2023-04-06 17:55:40.612527","2023-04-06 17:55:40.612528",""
"913CE298-30B8-4E90-E48D-08DB19100A6E","AB995316-AC5B-4F93-3F22-08DB008453BF","False","6F3BC828-28B6-4C5F-BF22-35ACF73B7062","D602B2D6-7C24-45DB-D43F-08DB19105D2A","2023-02-27 23:07:44.278959","2023-02-27 23:07:44.278960",""
"6E245FFC-C7DD-4415-0151-08DB3D4AB7BE","AB995316-AC5B-4F93-3F22-08DB008453BF","False","C0F0A72D-2590-414A-9C13-36AB3399376A","1317EF69-2B2B-4A88-BB01-08DB3D366DDF","2023-04-15 00:46:35.803976","2023-04-15 00:46:35.803977",""
"A8F1734B-489B-40EC-1813-08DB15BD3991","AB995316-AC5B-4F93-3F22-08DB008453BF","False","A4959F50-4277-43F2-80DE-36DCEAD8D38D","12A1F80E-6E81-411E-CADA-08DB15BD9DB5","2023-02-23 20:37:43.865699","2023-02-23 20:37:43.865700",""
"3AC40D83-D3CD-49C7-A4F7-08DB1B5E8D8D","AB995316-AC5B-4F93-3F22-08DB008453BF","False","3E337491-ADBC-4CBC-A9C7-382350AFA25A","216E82FD-6496-4457-9181-08DB1B4EDEE2","2023-03-02 21:07:38.576482","2023-03-02 21:07:38.576482",""
"58CAC6EF-B24A-4247-5E41-08DB2F1F530D","AB995316-AC5B-4F93-3F22-08DB008453BF","False","A55F8031-2DD9-4765-9058-38D02376FC4D","9EF63ED8-6DFC-4FEF-717D-08DB2F1A3DB2","2023-03-28 00:21:09.387967","2023-03-28 00:21:09.387967",""
"86C83CA3-3BEC-4FA3-6C6A-08DB2EE8BD46","AB995316-AC5B-4F93-3F22-08DB008453BF","False","13B21CAC-EDEF-4381-9261-3A3B3A456761","F3BB7A86-D480-4A37-2A2E-08DB2EE3B6A1","2023-03-27 17:29:26.472652","2023-03-27 17:29:26.472653",""
"04F2462F-D5E3-4FD9-8141-08DB1065B39C","AB995316-AC5B-4F93-3F22-08DB008453BF","False","1AD8C25D-86B1-4404-8FD4-3AA34D633343","F39ED198-B254-4461-9922-08DB10625C01","2023-02-16 22:23:27.721692","2023-02-16 22:23:27.721693",""
"76DD98A4-E61A-4EEE-2DA0-08DB1A80A9F0","AB995316-AC5B-4F93-3F22-08DB008453BF","False","786B3134-4EE1-4471-9A8E-3ABB72B0B038","5674DC08-DF5E-46C4-057D-08DB1A74BA3C","2023-03-01 19:02:24.192533","2023-03-01 19:02:24.192534",""
"F823F86C-4BDE-44C3-180F-08DB15BD3991","AB995316-AC5B-4F93-3F22-08DB008453BF","False","10EA8C9D-8C7D-4075-9360-3BA05BF406E4","9D61EEF4-EC13-4D13-CACF-08DB15BD9DB5","2023-02-23 19:51:59.886851","2023-02-23 19:51:59.886852",""
"6E245FFC-C7DD-4415-0151-08DB3D4AB7BE","AB995316-AC5B-4F93-3F22-08DB008453BF","False","2C9C5B08-8C48-4E59-9B7F-3D7019DFA5A5","FF641A55-7735-437B-BB04-08DB3D366DDF","2023-04-15 00:46:35.847833","2023-04-15 00:46:35.847833",""
"AC879697-FBB8-446C-C5F7-08DB00840455","AB995316-AC5B-4F93-3F22-08DB008453BF","False","1287B6E5-F722-4D6C-9066-402697365CF0","","0001-01-01 00:00:00","0001-01-01 00:00:00",""
"EDABC313-0F1E-4CBF-C94F-08DB0317A5BD","AB995316-AC5B-4F93-3F22-08DB008453BF","False","5598B755-66CC-46D8-B20C-4170EF8EF897","328C75BF-E28C-46ED-4797-08DB0317C6FF","2023-01-30 23:14:46.186258","2023-01-30 23:14:46.186259",""
"3AC40D83-D3CD-49C7-A4F7-08DB1B5E8D8D","AB995316-AC5B-4F93-3F22-08DB008453BF","False","A7A5B814-E978-40A6-AF84-42F5A896F946","7848428E-F742-41FC-9180-08DB1B4EDEE2","2023-03-02 21:07:38.564282","2023-03-02 21:07:38.564283",""
"DBAAF035-8CFB-4E9D-4BD8-08DB02ECBFBD","AB995316-AC5B-4F93-3F22-08DB008453BF","False","54014FEC-9589-4BC8-A78C-437098440E64","912680A2-CFF6-45F0-182D-08DB02E68F3D","2023-01-30 22:54:09.819944","2023-01-30 22:54:09.819945",""
"AB2529F2-7E04-4116-C950-08DB0317A5BD","AB995316-AC5B-4F93-3F22-08DB008453BF","False","A7CE7323-6FE0-431C-9D7F-43D93F9D7D97","D2C5CE53-CACC-4536-479B-08DB0317C6FF","2023-01-30 23:48:22.414258","2023-01-30 23:48:22.414259",""
"AC879697-FBB8-446C-C5F7-08DB00840455","AB995316-AC5B-4F93-3F22-08DB008453BF","False","C9287BD4-2906-4FD3-87E6-46BC7B3A2E4D","4667D59A-EA86-4F70-0018-08DB0085AF8C","2023-01-27 16:47:20.114168","2023-01-27 16:47:20.114169",""
"AC879697-FBB8-446C-C5F7-08DB00840455","AB995316-AC5B-4F93-3F22-08DB008453BF","False","48EA0B2E-3413-4709-9E37-46D395332239","E980CE10-1B80-490F-0019-08DB0085AF8C","2023-01-27 16:47:33.533354","2023-01-27 16:47:33.533355",""
"3AC40D83-D3CD-49C7-A4F7-08DB1B5E8D8D","AB995316-AC5B-4F93-3F22-08DB008453BF","False","4806D96B-38F7-409D-8F33-4CEF7D006508","1961F407-E3A3-44B1-9184-08DB1B4EDEE2","2023-03-02 21:07:38.615579","2023-03-02 21:07:38.615581",""
"FC946E98-8071-4094-AD06-08DB36C371D9","AB995316-AC5B-4F93-3F22-08DB008453BF","False","3E4E0FA2-DC8C-451C-B66F-4DEC7A72EB48","42525E18-AC2B-4460-3815-08DB36C37F78","2023-04-06 18:11:55.555930","2023-04-06 18:11:55.555932",""
"2ED507B2-D52B-4288-394D-08DB45B7DE40","AB995316-AC5B-4F93-3F22-08DB008453BF","False","D06D9951-C4C5-4A31-B302-4F7DC03E5D71","85F745CE-B865-4EE7-C76F-08DB45B33A04","2023-04-25 18:20:24.165817","2023-04-25 18:20:24.165818",""
"C866C599-984B-488A-9541-08DB0AD09684","AB995316-AC5B-4F93-3F22-08DB008453BF","False","5A5C1592-B7AB-4938-9BB8-50AD96533254","3825C217-C511-4EC9-53DF-08DB0AD0A5A8","2023-02-09 22:32:50.258898","2023-02-09 22:32:50.258899",""
"1CB9CEE1-5904-48A5-1814-08DB15BD3991","AB995316-AC5B-4F93-3F22-08DB008453BF","False","25CDA517-2BC4-4480-8B48-54563EF68117","9444DC1A-256C-44C3-CAE4-08DB15BD9DB5","2023-02-23 20:48:05.539832","2023-02-23 20:48:05.539833",""
"BD3D3005-0152-4868-E3E7-08DB1AB78737","AB995316-AC5B-4F93-3F22-08DB008453BF","False","3BFF6026-EF54-4976-9A33-54A48BE0B58C","B62CBDAA-2EC0-4ADF-4822-08DB1AB59309","2023-03-02 00:47:07.672844","2023-03-02 00:47:07.672845",""
"CF23E036-061D-4C01-87FA-08DB31424D3E","AB995316-AC5B-4F93-3F22-08DB008453BF","False","50F7E1E3-3B8C-44EA-8A14-56FFDB436F04","5E3201C8-D9D4-4E36-1BF8-08DB3139A4E6","2023-03-30 17:36:05.712075","2023-03-30 17:36:05.712075",""
"6E245FFC-C7DD-4415-0151-08DB3D4AB7BE","AB995316-AC5B-4F93-3F22-08DB008453BF","False","EB0985E4-F17F-4AF5-AA82-57A3ADECB831","A75BB92C-B83D-412E-BB05-08DB3D366DDF","2023-04-15 00:46:35.861608","2023-04-15 00:46:35.861608",""
"86C83CA3-3BEC-4FA3-6C6A-08DB2EE8BD46","AB995316-AC5B-4F93-3F22-08DB008453BF","False","9CF10DEE-9A0C-43BF-95EC-5820CB096330","","0001-01-01 00:00:00","0001-01-01 00:00:00",""
"A8F1734B-489B-40EC-1813-08DB15BD3991","AB995316-AC5B-4F93-3F22-08DB008453BF","False","8B89B592-2F6F-46DF-A0E4-5888FDC2B400","7D0F27C2-E078-49F7-CAD7-08DB15BD9DB5","2023-02-23 20:37:43.818884","2023-02-23 20:37:43.818885",""
"76DD98A4-E61A-4EEE-2DA0-08DB1A80A9F0","AB995316-AC5B-4F93-3F22-08DB008453BF","False","24A596FB-35D3-4DE5-9EFE-598B5715E6D9","465FA95B-7AC0-4BD9-0578-08DB1A74BA3C","2023-03-01 19:02:24.082283","2023-03-01 19:02:24.082284",""
"86C83CA3-3BEC-4FA3-6C6A-08DB2EE8BD46","AB995316-AC5B-4F93-3F22-08DB008453BF","False","E8101739-1EAA-4542-AAEA-5B05B9E5D409","613C09D8-2FE6-420B-2A32-08DB2EE3B6A1","2023-03-27 17:31:17.173065","2023-03-27 17:31:17.173066",""
"AB2529F2-7E04-4116-C950-08DB0317A5BD","AB995316-AC5B-4F93-3F22-08DB008453BF","False","D64D85E6-552F-4A02-84C5-5B3C695A78D2","9470D589-D580-44F3-47A0-08DB0317C6FF","2023-01-30 23:48:22.503814","2023-01-30 23:48:22.503815",""
"DC2DF1A1-B0AA-47F7-C5F8-08DB00840455","AB995316-AC5B-4F93-3F22-08DB008453BF","False","1CA01C0C-1C60-4174-8069-5C6ED255F625","","0001-01-01 00:00:00","0001-01-01 00:00:00",""
"86C83CA3-3BEC-4FA3-6C6A-08DB2EE8BD46","AB995316-AC5B-4F93-3F22-08DB008453BF","False","A3FC7DC9-554B-4BFB-BB3F-5E6C16198DFE","4CDBCD8E-99FA-47BD-2A30-08DB2EE3B6A1","2023-03-27 17:30:32.329305","2023-03-27 17:30:32.329306",""
"BD3D3005-0152-4868-E3E7-08DB1AB78737","AB995316-AC5B-4F93-3F22-08DB008453BF","False","15FEAD0C-326C-4449-9D3C-5EBDEC105FE6","","0001-01-01 00:00:00","0001-01-01 00:00:00",""
"3FAC7E34-F082-4839-813F-08DB1065B39C","AB995316-AC5B-4F93-3F22-08DB008453BF","False","7D467436-253D-4B4D-9C23-5F9E64F2F1E7","706AA4B6-07B4-47A6-9914-08DB10625C01","2023-02-16 21:36:53.056773","2023-02-16 21:36:53.056775",""
"C866C599-984B-488A-9541-08DB0AD09684","AB995316-AC5B-4F93-3F22-08DB008453BF","False","5437B445-C3B5-46EE-A533-5FAAFCAF0797","B930FDB5-F81F-4EE9-53E4-08DB0AD0A5A8","2023-02-09 22:32:50.390926","2023-02-09 22:32:50.390926",""
"58CAC6EF-B24A-4247-5E41-08DB2F1F530D","AB995316-AC5B-4F93-3F22-08DB008453BF","False","DCAA44BA-D3E9-42BF-81EE-60005BF11E27","9E6B91CA-E554-44B7-7179-08DB2F1A3DB2","2023-03-28 00:21:09.339497","2023-03-28 00:21:09.339498",""
"903368F3-BE83-4304-3998-08DB1131D472","AB995316-AC5B-4F93-3F22-08DB008453BF","False","6BE42EF7-1568-41D6-AAF8-60F0C4AF21D8","2771AE35-24E1-4F3B-BF06-08DB112E7B1F","2023-02-17 21:57:24.803985","2023-02-17 21:57:24.803987",""
"3FAC7E34-F082-4839-813F-08DB1065B39C","AB995316-AC5B-4F93-3F22-08DB008453BF","False","3EA966B5-7E51-467D-9ED6-62350DB97CA7","69E17686-C41D-454E-9916-08DB10625C01","2023-02-16 21:37:29.572146","2023-02-16 21:37:29.572147",""
"04F2462F-D5E3-4FD9-8141-08DB1065B39C","AB995316-AC5B-4F93-3F22-08DB008453BF","False","52A63ABC-4403-4770-8FA8-625B1823984E","73849677-21CB-4E98-9924-08DB10625C01","2023-02-16 22:23:27.767370","2023-02-16 22:23:27.767371",""
"F823F86C-4BDE-44C3-180F-08DB15BD3991","AB995316-AC5B-4F93-3F22-08DB008453BF","False","A373C6B0-BC7C-4460-91FA-64788AB302DD","46C94F2C-F162-4506-CACA-08DB15BD9DB5","2023-02-23 19:51:59.760766","2023-02-23 19:51:59.760768",""
"6E245FFC-C7DD-4415-0151-08DB3D4AB7BE","AB995316-AC5B-4F93-3F22-08DB008453BF","False","A4729FDA-045E-43DA-9B82-64D5885E15ED","","0001-01-01 00:00:00","0001-01-01 00:00:00",""
"FC946E98-8071-4094-AD06-08DB36C371D9","AB995316-AC5B-4F93-3F22-08DB008453BF","False","B262D0CC-933A-4DF8-8F6B-64F70A580419","FDD84B9C-8E2E-4A33-3812-08DB36C37F78","2023-04-06 18:11:00.038556","2023-04-06 18:11:00.038557",""
"FC946E98-8071-4094-AD06-08DB36C371D9","AB995316-AC5B-4F93-3F22-08DB008453BF","False","AA68F7B9-213D-497F-AC79-6604DBEF6D28","1482B957-8872-4765-3810-08DB36C37F78","2023-04-06 17:55:40.597724","2023-04-06 17:55:40.597726",""
"9A461DD7-8FB8-44F6-1811-08DB15BD3991","AB995316-AC5B-4F93-3F22-08DB008453BF","False","5C6F725C-16C3-46E8-A5DE-6672EEAA1CC1","9D7162B6-ED9B-4A44-CAD6-08DB15BD9DB5","2023-02-23 20:27:21.634810","2023-02-23 20:27:21.634811",""
"3FAC7E34-F082-4839-813F-08DB1065B39C","AB995316-AC5B-4F93-3F22-08DB008453BF","False","5B30D882-5255-4D64-A17B-668C572A345A","537ACDE7-910C-4749-9915-08DB10625C01","2023-02-16 21:37:12.775780","2023-02-16 21:37:12.775781",""
"69476A8B-48DE-409B-394C-08DB45B7DE40","AB995316-AC5B-4F93-3F22-08DB008453BF","False","07BBA4A5-E174-4A26-AC6E-67181FB3B9F2","E68C38A3-6700-4059-C769-08DB45B33A04","2023-04-25 18:08:18.306208","2023-04-25 18:08:18.306209",""
"CF23E036-061D-4C01-87FA-08DB31424D3E","AB995316-AC5B-4F93-3F22-08DB008453BF","False","9E93314D-3598-4FE1-9CD7-6970A9E2254A","","0001-01-01 00:00:00","0001-01-01 00:00:00",""
"F823F86C-4BDE-44C3-180F-08DB15BD3991","AB995316-AC5B-4F93-3F22-08DB008453BF","False","2E92BBE8-BBF0-4E20-9780-6BE33684C94B","2391563E-A6A0-42BD-CACD-08DB15BD9DB5","2023-02-23 19:51:59.858928","2023-02-23 19:51:59.858928",""
"2ED507B2-D52B-4288-394D-08DB45B7DE40","AB995316-AC5B-4F93-3F22-08DB008453BF","False","6B5FBFFF-42D3-4E18-AC4F-6C7056D133B6","8646B1B5-CA7C-4132-C76D-08DB45B33A04","2023-04-25 18:20:24.130027","2023-04-25 18:20:24.130028",""
"D35D47FF-0276-4BF9-AD05-08DB36C371D9","AB995316-AC5B-4F93-3F22-08DB008453BF","False","B96267BF-CB3C-4CDE-9B54-6D7476FDFE6F","0EFE9514-1C5D-429D-380E-08DB36C37F78","2023-04-06 17:29:43.870425","2023-04-06 17:29:43.870428",""
"913CE298-30B8-4E90-E48D-08DB19100A6E","AB995316-AC5B-4F93-3F22-08DB008453BF","False","85F49918-BC9C-4DB4-9593-6FDFE7231A97","54F3AD5D-3A29-4BB3-D43D-08DB19105D2A","2023-02-27 23:07:44.245413","2023-02-27 23:07:44.245414",""
"4248FE98-CA44-4F65-C5F3-08DB00840455","AB995316-AC5B-4F93-3F22-08DB008453BF","False","CCC1CC95-E6E3-4752-BED1-6FF5C546DBC1","A9B1B3CC-5B96-4291-001C-08DB0085AF8C","2023-01-27 16:48:27.864219","2023-01-27 16:48:27.864220",""
"EBE72452-1268-4A66-C8DD-08DB2BD0FA06","AB995316-AC5B-4F93-3F22-08DB008453BF","False","5BE16417-5C74-441C-A745-7115DE35562C","","0001-01-01 00:00:00","0001-01-01 00:00:00",""
"1CB9CEE1-5904-48A5-1814-08DB15BD3991","AB995316-AC5B-4F93-3F22-08DB008453BF","False","7647D94B-87AE-47F9-BF3F-73A4998E4F0C","2BCEC174-F5F0-4176-CADF-08DB15BD9DB5","2023-02-23 20:48:03.701937","2023-02-23 20:48:03.701938",""
"76DD98A4-E61A-4EEE-2DA0-08DB1A80A9F0","AB995316-AC5B-4F93-3F22-08DB008453BF","False","4A507256-DEA6-425A-8375-73EF01B79FF0","F97810DF-580E-4A32-057A-08DB1A74BA3C","2023-03-01 19:02:24.147151","2023-03-01 19:02:24.147151",""
"3AC40D83-D3CD-49C7-A4F7-08DB1B5E8D8D","AB995316-AC5B-4F93-3F22-08DB008453BF","False","71FC9840-2F8D-4928-8AFA-743C6812AB89","510BAA1E-0247-4472-9182-08DB1B4EDEE2","2023-03-02 21:07:38.588474","2023-03-02 21:07:38.588476",""
"3AC40D83-D3CD-49C7-A4F7-08DB1B5E8D8D","AB995316-AC5B-4F93-3F22-08DB008453BF","False","1695BA6E-CB2C-4B4A-90C9-749DD9EA1A79","","0001-01-01 00:00:00","0001-01-01 00:00:00",""
"913CE298-30B8-4E90-E48D-08DB19100A6E","AB995316-AC5B-4F93-3F22-08DB008453BF","False","D15FE235-0958-4111-850E-755B14BC884B","6FA12B5D-DB03-46EE-D43E-08DB19105D2A","2023-02-27 23:07:44.261921","2023-02-27 23:07:44.261922",""
"76DD98A4-E61A-4EEE-2DA0-08DB1A80A9F0","AB995316-AC5B-4F93-3F22-08DB008453BF","False","671B952A-E146-45A1-8E29-77D95861B058","0840AD18-83C3-446D-0579-08DB1A74BA3C","2023-03-01 19:02:24.128535","2023-03-01 19:02:24.128536",""
"AC879697-FBB8-446C-C5F7-08DB00840455","AB995316-AC5B-4F93-3F22-08DB008453BF","False","751181B2-4013-4991-89C2-7879858A05F7","2935AB9C-F201-41DA-001A-08DB0085AF8C","2023-01-27 16:47:45.467257","2023-01-27 16:47:45.467258",""
"EBE72452-1268-4A66-C8DD-08DB2BD0FA06","AB995316-AC5B-4F93-3F22-08DB008453BF","False","528AB812-5301-45E4-926D-78E32EC289E6","C1E38B11-30AD-4BA1-62FE-08DB2BD10AFE","2023-03-23 22:33:14.122901","2023-03-23 22:33:14.122902",""
"6E245FFC-C7DD-4415-0151-08DB3D4AB7BE","AB995316-AC5B-4F93-3F22-08DB008453BF","False","F4DF7EAF-F97C-49EC-A46A-796EA6412AC9","8307AFE2-2FD9-4DB9-BB00-08DB3D366DDF","2023-04-15 00:46:35.749744","2023-04-15 00:46:35.749745",""
"3AC40D83-D3CD-49C7-A4F7-08DB1B5E8D8D","AB995316-AC5B-4F93-3F22-08DB008453BF","False","C0D37AEF-4062-4233-95FE-7998403E85C2","4980DFD0-93A4-4B21-917F-08DB1B4EDEE2","2023-03-02 21:07:38.549651","2023-03-02 21:07:38.549653",""
"F823F86C-4BDE-44C3-180F-08DB15BD3991","AB995316-AC5B-4F93-3F22-08DB008453BF","False","155CA878-2B96-4FA4-9F8E-7C4CF8AD17E2","0283F887-79D3-4C50-CACC-08DB15BD9DB5","2023-02-23 19:51:59.844388","2023-02-23 19:51:59.844389",""
"913CE298-30B8-4E90-E48D-08DB19100A6E","AB995316-AC5B-4F93-3F22-08DB008453BF","False","4A883C41-C958-461D-8630-7C4DECC0654E","","0001-01-01 00:00:00","0001-01-01 00:00:00",""
"DBAAF035-8CFB-4E9D-4BD8-08DB02ECBFBD","AB995316-AC5B-4F93-3F22-08DB008453BF","False","B7BA7057-5AA1-4822-BB32-7D9831D0F2B5","B1013A5F-07F3-4985-1830-08DB02E68F3D","2023-01-30 22:54:09.869205","2023-01-30 22:54:09.869206",""
"23BDDBC6-DBA4-45F0-C5F4-08DB00840455","AB995316-AC5B-4F93-3F22-08DB008453BF","False","49A6684D-09E4-43BF-9824-7E0ECD6939A8","F8A32F80-75FD-4BCA-001E-08DB0085AF8C","2023-01-27 16:48:56.108145","2023-01-27 16:48:56.108146",""
"69476A8B-48DE-409B-394C-08DB45B7DE40","AB995316-AC5B-4F93-3F22-08DB008453BF","False","F4640D7B-7772-4E8C-B7E0-7F98454043A9","C097CDA3-EC15-4554-C767-08DB45B33A04","2023-04-25 18:08:18.260875","2023-04-25 18:08:18.260875",""
"279B735F-CCEB-4EE8-5E40-08DB2F1F530D","AB995316-AC5B-4F93-3F22-08DB008453BF","False","1755046D-2DCD-4C71-827E-822931D51456","0071D3FB-5113-4DF4-7175-08DB2F1A3DB2","2023-03-28 00:15:00.867912","2023-03-28 00:15:00.867913",""
"903368F3-BE83-4304-3998-08DB1131D472","AB995316-AC5B-4F93-3F22-08DB008453BF","False","F0D6A06F-3205-461B-86DA-86146515647C","","0001-01-01 00:00:00","0001-01-01 00:00:00",""
"AB2529F2-7E04-4116-C950-08DB0317A5BD","AB995316-AC5B-4F93-3F22-08DB008453BF","False","64067DE4-4DB4-425C-B87F-86883A99339F","","0001-01-01 00:00:00","0001-01-01 00:00:00",""
"CF23E036-061D-4C01-87FA-08DB31424D3E","AB995316-AC5B-4F93-3F22-08DB008453BF","False","A9F39F13-3CA5-44CF-A9F5-8970B1A99CC8","A70F3B7B-B793-4A5A-1BF6-08DB3139A4E6","2023-03-30 17:36:05.680972","2023-03-30 17:36:05.680973",""
"903368F3-BE83-4304-3998-08DB1131D472","AB995316-AC5B-4F93-3F22-08DB008453BF","False","6EDD1EBA-7EB7-4936-9A3C-8C52F6A19C2E","0AB16F75-5B00-4F26-BF0B-08DB112E7B1F","2023-02-17 21:57:24.921524","2023-02-17 21:57:24.921525",""
"04F2462F-D5E3-4FD9-8141-08DB1065B39C","AB995316-AC5B-4F93-3F22-08DB008453BF","False","6058CF11-EF35-4369-916A-8C7EDD41E1FF","14DF4996-0E87-4B15-9926-08DB10625C01","2023-02-16 22:23:27.803606","2023-02-16 22:23:49.732434","2023-02-04 07:00:00"
"903368F3-BE83-4304-3998-08DB1131D472","AB995316-AC5B-4F93-3F22-08DB008453BF","False","839FD918-9AA7-4C64-840B-8D5FCACA72D6","27B130A3-3FE8-43CB-BF0A-08DB112E7B1F","2023-02-17 21:57:24.906326","2023-02-17 21:57:24.906327",""
"2ED507B2-D52B-4288-394D-08DB45B7DE40","AB995316-AC5B-4F93-3F22-08DB008453BF","False","C69D15A5-2BE8-4421-BF24-8FA3D3D0E4A1","DB44FEDE-AF05-4984-C76E-08DB45B33A04","2023-04-25 18:20:24.142897","2023-04-25 18:20:24.142898",""
"DC2DF1A1-B0AA-47F7-C5F8-08DB00840455","AB995316-AC5B-4F93-3F22-08DB008453BF","False","D823172C-D175-41F2-864D-9047FD69E306","4CB84BA5-92E3-4A99-DFE5-08DB00878801","2023-01-27 16:57:10.668898","2023-01-27 16:57:10.668900",""
"1CB9CEE1-5904-48A5-1814-08DB15BD3991","AB995316-AC5B-4F93-3F22-08DB008453BF","False","7AA8C677-390C-4859-8932-9065177CF268","24357652-A8BA-4C73-CAE3-08DB15BD9DB5","2023-02-23 20:48:05.539646","2023-02-23 20:48:05.539647",""
"279B735F-CCEB-4EE8-5E40-08DB2F1F530D","AB995316-AC5B-4F93-3F22-08DB008453BF","False","049F0B55-959C-45E1-AFEC-90A0275501A6","","0001-01-01 00:00:00","0001-01-01 00:00:00",""
"1CB9CEE1-5904-48A5-1814-08DB15BD3991","AB995316-AC5B-4F93-3F22-08DB008453BF","False","8FEB58A0-F51B-49AC-9016-90C160FEF99E","4D5588D7-281C-414E-CAE0-08DB15BD9DB5","2023-02-23 20:48:03.701943","2023-02-23 20:48:03.701943",""
"86C83CA3-3BEC-4FA3-6C6A-08DB2EE8BD46","AB995316-AC5B-4F93-3F22-08DB008453BF","False","79FDC3A7-D8ED-46CE-B412-9105CBF68B78","E04CB15F-DE67-4675-2A2F-08DB2EE3B6A1","2023-03-27 17:29:26.524464","2023-03-27 17:29:26.524465",""
"AB2529F2-7E04-4116-C950-08DB0317A5BD","AB995316-AC5B-4F93-3F22-08DB008453BF","False","483DF157-A701-412F-9961-91B7BAAB2D10","66D9129D-78FC-4CFC-479F-08DB0317C6FF","2023-01-30 23:48:22.479495","2023-01-30 23:48:22.479495",""
"69476A8B-48DE-409B-394C-08DB45B7DE40","AB995316-AC5B-4F93-3F22-08DB008453BF","False","66AC0F94-77C4-49E1-BC42-92830C999F75","092EB998-A098-417A-C76A-08DB45B33A04","2023-04-25 18:08:18.330817","2023-04-25 18:08:18.330818",""
"FC946E98-8071-4094-AD06-08DB36C371D9","AB995316-AC5B-4F93-3F22-08DB008453BF","False","B8207D31-FB57-4FF4-8B94-9333CD3E1F27","C0A2CDD9-CF35-4404-3813-08DB36C37F78","2023-04-06 18:11:20.478146","2023-04-06 18:11:20.478146",""
"1CB9CEE1-5904-48A5-1814-08DB15BD3991","AB995316-AC5B-4F93-3F22-08DB008453BF","False","63BD7251-AF9E-44F6-A569-93496B2C4522","DFA6D4CF-A850-46E1-CADD-08DB15BD9DB5","2023-02-23 20:48:02.777885","2023-02-23 20:48:02.777885",""
"6E245FFC-C7DD-4415-0151-08DB3D4AB7BE","AB995316-AC5B-4F93-3F22-08DB008453BF","False","E887061A-D189-4F72-ABC0-93B2BE590B68","9B5B0BDF-4D01-43FD-BB02-08DB3D366DDF","2023-04-15 00:46:35.818599","2023-04-15 00:46:35.818600",""
"3FAC7E34-F082-4839-813F-08DB1065B39C","AB995316-AC5B-4F93-3F22-08DB008453BF","False","5671FA18-E0E3-4C5E-A44B-9458DDF507B2","28C7C487-D42B-4C76-9913-08DB10625C01","2023-02-16 21:36:34.029570","2023-02-16 21:36:34.029571",""
"D35D47FF-0276-4BF9-AD05-08DB36C371D9","AB995316-AC5B-4F93-3F22-08DB008453BF","False","EFE0CCA0-FA6C-4890-9830-9533F5CF43C3","","0001-01-01 00:00:00","0001-01-01 00:00:00",""
"2ED507B2-D52B-4288-394D-08DB45B7DE40","AB995316-AC5B-4F93-3F22-08DB008453BF","False","B2508AA3-1CCE-4485-B903-99E6B5383DA4","","0001-01-01 00:00:00","0001-01-01 00:00:00",""
"86C83CA3-3BEC-4FA3-6C6A-08DB2EE8BD46","AB995316-AC5B-4F93-3F22-08DB008453BF","False","9EA192DD-6423-4C17-9111-9D35886C156C","709A6B42-0979-43B4-2A33-08DB2EE3B6A1","2023-03-27 17:31:34.272827","2023-03-27 17:31:34.272828",""
"913CE298-30B8-4E90-E48D-08DB19100A6E","AB995316-AC5B-4F93-3F22-08DB008453BF","False","534129C8-7B30-42AE-AAC1-9DE714C95F97","923987FB-596A-45E5-D43C-08DB19105D2A","2023-02-27 23:07:44.204133","2023-02-27 23:07:44.204133",""
"BD3D3005-0152-4868-E3E7-08DB1AB78737","AB995316-AC5B-4F93-3F22-08DB008453BF","False","63B3DD07-5957-43C0-B429-A03A35C64AB8","4E0F11F4-AA6D-4E53-4823-08DB1AB59309","2023-03-02 00:47:07.686916","2023-03-02 00:47:07.686917",""
"1CB9CEE1-5904-48A5-1814-08DB15BD3991","AB995316-AC5B-4F93-3F22-08DB008453BF","False","AE10626C-AF1B-4DA8-B8A5-A220FC6E5B24","84EFCCDC-CFC2-466F-CAE2-08DB15BD9DB5","2023-02-23 20:48:04.630174","2023-02-23 20:48:04.630175",""
"279B735F-CCEB-4EE8-5E40-08DB2F1F530D","AB995316-AC5B-4F93-3F22-08DB008453BF","False","5412661C-FB42-4A16-80F9-A2F7FE322415","BF4F35E6-8598-4E10-7174-08DB2F1A3DB2","2023-03-28 00:15:00.852579","2023-03-28 00:15:00.852580",""
"1CB9CEE1-5904-48A5-1814-08DB15BD3991","AB995316-AC5B-4F93-3F22-08DB008453BF","False","7937F520-01AB-4882-9C34-A357ADCB8125","","0001-01-01 00:00:00","0001-01-01 00:00:00",""
"76DD98A4-E61A-4EEE-2DA0-08DB1A80A9F0","AB995316-AC5B-4F93-3F22-08DB008453BF","False","8C934935-6CAA-41D0-821F-A3E32D9C5AFA","F57ADF9C-777B-449B-057C-08DB1A74BA3C","2023-03-01 19:02:24.177712","2023-03-01 19:02:24.177714",""
"AC879697-FBB8-446C-C5F7-08DB00840455","AB995316-AC5B-4F93-3F22-08DB008453BF","False","688EB6C9-DD96-41D3-9351-A4D8882AE899","5643C376-9855-4790-0015-08DB0085AF8C","2023-01-27 16:45:58.365687","2023-01-27 16:45:58.365688",""
"AC879697-FBB8-446C-C5F7-08DB00840455","AB995316-AC5B-4F93-3F22-08DB008453BF","False","974B6886-EB0C-4528-AC76-A7E5E18663C3","16B45AFD-8319-47D1-0017-08DB0085AF8C","2023-01-27 16:47:08.598513","2023-01-27 16:47:08.598514",""
"BD3D3005-0152-4868-E3E7-08DB1AB78737","AB995316-AC5B-4F93-3F22-08DB008453BF","False","D97044F5-2186-492D-9913-A98C0590B998","8A8ADABB-3BE9-46CF-4820-08DB1AB59309","2023-03-02 00:47:07.647170","2023-03-02 00:47:07.647170",""
"1CB9CEE1-5904-48A5-1814-08DB15BD3991","AB995316-AC5B-4F93-3F22-08DB008453BF","False","6C0194E1-5026-4C06-BE45-A9B596B16C43","C352341B-42B3-4D56-CADE-08DB15BD9DB5","2023-02-23 20:48:02.778416","2023-02-23 20:48:02.778417",""
"A8F1734B-489B-40EC-1813-08DB15BD3991","AB995316-AC5B-4F93-3F22-08DB008453BF","False","EFF61E61-7D82-4420-9B5E-AC9049680C84","7958C7DF-D118-43D2-CADB-08DB15BD9DB5","2023-02-23 20:37:43.886547","2023-02-23 20:37:43.886548",""
"3FAC7E34-F082-4839-813F-08DB1065B39C","AB995316-AC5B-4F93-3F22-08DB008453BF","False","7D780590-C55F-4ADF-88D8-AEB65D30A839","734AB997-90EA-49B1-9911-08DB10625C01","2023-02-16 21:35:41.863657","2023-02-16 21:35:41.863658",""
"2ED507B2-D52B-4288-394D-08DB45B7DE40","AB995316-AC5B-4F93-3F22-08DB008453BF","False","BD83D032-C704-490F-A66A-B02191490991","5ECBF239-E2AD-413B-C76B-08DB45B33A04","2023-04-25 18:20:24.101115","2023-04-25 18:20:24.101117",""
"1CB9CEE1-5904-48A5-1814-08DB15BD3991","AB995316-AC5B-4F93-3F22-08DB008453BF","False","2F3E0D47-22C8-4198-B123-B033683F47AC","C8A9641B-47E9-4D3A-CAE5-08DB15BD9DB5","2023-02-23 20:48:07.351490","2023-02-23 20:48:07.351491",""
"4248FE98-CA44-4F65-C5F3-08DB00840455","AB995316-AC5B-4F93-3F22-08DB008453BF","False","0C46F2D7-A4AE-4167-8857-B0C9742A276F","E68F95A4-C721-42EE-001D-08DB0085AF8C","2023-01-27 16:48:44.311311","2023-01-27 16:48:44.311312",""
"FC946E98-8071-4094-AD06-08DB36C371D9","AB995316-AC5B-4F93-3F22-08DB008453BF","False","156FBEF1-CB02-4F6C-979F-B36DA83A197A","","0001-01-01 00:00:00","0001-01-01 00:00:00",""
"903368F3-BE83-4304-3998-08DB1131D472","AB995316-AC5B-4F93-3F22-08DB008453BF","False","CBB09EA6-8695-47A1-9C51-B448484337BD","B8619B09-29AE-47E2-BF09-08DB112E7B1F","2023-02-17 21:57:24.890916","2023-02-17 21:57:24.890917",""
"CF23E036-061D-4C01-87FA-08DB31424D3E","AB995316-AC5B-4F93-3F22-08DB008453BF","False","9553955E-C68A-4033-AC5A-B4C31B0F0979","992219B4-98A0-403B-1BF3-08DB3139A4E6","2023-03-30 17:36:05.601703","2023-03-30 17:36:05.601703",""
"76DD98A4-E61A-4EEE-2DA0-08DB1A80A9F0","AB995316-AC5B-4F93-3F22-08DB008453BF","False","DF09ACAE-1E87-4E8D-A67A-B4F9A15446D5","","0001-01-01 00:00:00","0001-01-01 00:00:00",""
"C866C599-984B-488A-9541-08DB0AD09684","AB995316-AC5B-4F93-3F22-08DB008453BF","False","8F506D0E-4F66-4BAC-879E-B7D6A6812CBA","0B110A99-E63C-4D2C-53E2-08DB0AD0A5A8","2023-02-09 22:32:50.354663","2023-02-09 22:32:50.354664",""
"903368F3-BE83-4304-3998-08DB1131D472","AB995316-AC5B-4F93-3F22-08DB008453BF","False","66253D1E-AC95-4964-9B87-B86B02DB7E25","D005DD08-DD0C-4FC7-BF08-08DB112E7B1F","2023-02-17 21:57:24.877721","2023-02-17 21:57:24.877722",""
"69476A8B-48DE-409B-394C-08DB45B7DE40","AB995316-AC5B-4F93-3F22-08DB008453BF","False","7AF159DD-0FCE-469A-A885-BCDF162677F7","1C51CB69-2644-41AE-C766-08DB45B33A04","2023-04-25 18:08:18.241679","2023-04-25 18:08:18.241680",""
"A8F1734B-489B-40EC-1813-08DB15BD3991","AB995316-AC5B-4F93-3F22-08DB008453BF","False","F62902CB-A878-4CA8-B398-BDB764ECEC22","","0001-01-01 00:00:00","0001-01-01 00:00:00",""
"CF23E036-061D-4C01-87FA-08DB31424D3E","AB995316-AC5B-4F93-3F22-08DB008453BF","False","7C4D7698-B3A5-44A8-A747-C09B20B20EF6","A2E4E488-93D7-4707-1BF4-08DB3139A4E6","2023-03-30 17:36:05.647500","2023-03-30 17:36:05.647501",""
"EBE72452-1268-4A66-C8DD-08DB2BD0FA06","AB995316-AC5B-4F93-3F22-08DB008453BF","False","8EFDD9F8-A6EA-4E1F-95EA-C0E8BF09874F","11732093-4F78-4C45-6301-08DB2BD10AFE","2023-03-23 22:33:15.103033","2023-03-23 22:33:15.103034",""
"AB2529F2-7E04-4116-C950-08DB0317A5BD","AB995316-AC5B-4F93-3F22-08DB008453BF","False","619707A8-171A-4C00-BB65-C116E5B06726","37AFAF0D-BAD3-42E3-479E-08DB0317C6FF","2023-01-30 23:48:22.464541","2023-01-30 23:48:22.464542",""
"DBAAF035-8CFB-4E9D-4BD8-08DB02ECBFBD","AB995316-AC5B-4F93-3F22-08DB008453BF","False","BE6D1CD5-DB77-4A79-81D5-C22D5552A6DD","73135297-CCD3-496F-182C-08DB02E68F3D","2023-01-30 22:53:20.480896","2023-01-30 22:53:20.480897",""
"EBE72452-1268-4A66-C8DD-08DB2BD0FA06","AB995316-AC5B-4F93-3F22-08DB008453BF","False","1479981D-53C4-4FC9-8DDC-C2BF2193FC25","AA4CD445-7A11-48B2-62FF-08DB2BD10AFE","2023-03-23 22:33:14.124666","2023-03-23 22:33:14.124666",""
"69476A8B-48DE-409B-394C-08DB45B7DE40","AB995316-AC5B-4F93-3F22-08DB008453BF","False","CC8773EE-8C8B-4C01-9E60-C2EF9397FA76","","0001-01-01 00:00:00","0001-01-01 00:00:00",""
"EBE72452-1268-4A66-C8DD-08DB2BD0FA06","AB995316-AC5B-4F93-3F22-08DB008453BF","False","405F1A8B-CE23-48BC-A97A-C333A68A94C9","A8230C9B-9B8C-4B09-6305-08DB2BD10AFE","2023-03-23 22:34:25.985619","2023-03-23 22:34:25.985620",""
"C866C599-984B-488A-9541-08DB0AD09684","AB995316-AC5B-4F93-3F22-08DB008453BF","False","4C399E6D-246F-4BB7-A5A4-C3994B08EF7A","925890DD-37A6-42A2-53E0-08DB0AD0A5A8","2023-02-09 22:32:50.319412","2023-02-09 22:32:50.319413",""
"EBE72452-1268-4A66-C8DD-08DB2BD0FA06","AB995316-AC5B-4F93-3F22-08DB008453BF","False","53754BAB-AD10-4D83-AC40-C8DBF074632E","B3634660-65FF-48DB-6300-08DB2BD10AFE","2023-03-23 22:33:15.102930","2023-03-23 22:33:15.102931",""
"3AC40D83-D3CD-49C7-A4F7-08DB1B5E8D8D","AB995316-AC5B-4F93-3F22-08DB008453BF","False","5C13EA8F-A52C-4879-AAC7-CAB855920844","392AB01F-39D2-418E-9183-08DB1B4EDEE2","2023-03-02 21:07:38.602121","2023-03-02 21:07:38.602121",""
"EDABC313-0F1E-4CBF-C94F-08DB0317A5BD","AB995316-AC5B-4F93-3F22-08DB008453BF","False","E5ED6AA7-63F6-4D2F-84C5-CD595C28F5EF","","0001-01-01 00:00:00","0001-01-01 00:00:00",""
"DBAAF035-8CFB-4E9D-4BD8-08DB02ECBFBD","AB995316-AC5B-4F93-3F22-08DB008453BF","False","3919DCB3-0E85-4F84-9207-CE906E8742FA","30CECACF-DCA7-4006-182E-08DB02E68F3D","2023-01-30 22:54:09.837872","2023-01-30 22:54:09.837873",""
"3FAC7E34-F082-4839-813F-08DB1065B39C","AB995316-AC5B-4F93-3F22-08DB008453BF","False","E5EF5471-17C8-45CA-9D01-D0D0FE51A58B","","0001-01-01 00:00:00","0001-01-01 00:00:00",""
"DBAAF035-8CFB-4E9D-4BD8-08DB02ECBFBD","AB995316-AC5B-4F93-3F22-08DB008453BF","False","857C8263-E01A-411C-B808-D10EBF12AF58","1160D7B3-EF75-48EA-1831-08DB02E68F3D","2023-01-30 22:54:09.884393","2023-01-30 22:54:09.884395",""
"04F2462F-D5E3-4FD9-8141-08DB1065B39C","AB995316-AC5B-4F93-3F22-08DB008453BF","False","EF95A26E-4C5F-4484-8B55-D3ABF76A2473","689C980D-CE3F-4774-9923-08DB10625C01","2023-02-16 22:23:27.741406","2023-02-16 22:23:27.741407",""
"279B735F-CCEB-4EE8-5E40-08DB2F1F530D","AB995316-AC5B-4F93-3F22-08DB008453BF","False","304A9DCD-8DC0-4374-9CF7-D58CC6949AF5","60B47832-7CA5-46C9-7177-08DB2F1A3DB2","2023-03-28 00:15:00.898038","2023-03-28 00:15:00.898040",""
"913CE298-30B8-4E90-E48D-08DB19100A6E","AB995316-AC5B-4F93-3F22-08DB008453BF","False","84DBEEF2-2AE9-4869-A09E-D708AFD1A655","CF68D715-0EB2-4A8D-D441-08DB19105D2A","2023-02-27 23:07:44.316967","2023-02-27 23:07:44.316968",""
"69476A8B-48DE-409B-394C-08DB45B7DE40","AB995316-AC5B-4F93-3F22-08DB008453BF","False","06F50E13-EE60-4118-A4AC-D72EC0051DB9","7A49D649-D19B-45DF-C765-08DB45B33A04","2023-04-25 18:08:18.160001","2023-04-25 18:08:18.160002",""
"BD3D3005-0152-4868-E3E7-08DB1AB78737","AB995316-AC5B-4F93-3F22-08DB008453BF","False","6D575596-61C3-4D27-8435-D8BEA0340CBD","1318281A-289A-46FA-481F-08DB1AB59309","2023-03-02 00:47:07.634574","2023-03-02 00:47:07.634575",""
"C866C599-984B-488A-9541-08DB0AD09684","AB995316-AC5B-4F93-3F22-08DB008453BF","False","83936579-2061-4CEE-BB3B-D994FA290D04","350A5C09-7B4F-4A0B-53E1-08DB0AD0A5A8","2023-02-09 22:32:50.337906","2023-02-09 22:32:50.337907",""
"DBAAF035-8CFB-4E9D-4BD8-08DB02ECBFBD","AB995316-AC5B-4F93-3F22-08DB008453BF","False","70D3B297-A2A8-48B6-A215-DB2333159D99","D2FA3AD6-5132-4537-182F-08DB02E68F3D","2023-01-30 22:54:09.852756","2023-01-30 22:54:09.852757",""
"279B735F-CCEB-4EE8-5E40-08DB2F1F530D","AB995316-AC5B-4F93-3F22-08DB008453BF","False","10A47CE6-5842-4412-BB05-DD6CCCAFDCD4","76C360DA-16E3-423C-7176-08DB2F1A3DB2","2023-03-28 00:15:00.883015","2023-03-28 00:15:00.883016",""
"F823F86C-4BDE-44C3-180F-08DB15BD3991","AB995316-AC5B-4F93-3F22-08DB008453BF","False","6BB5AAA6-4421-410C-93DE-E0D0658AA843","D77C1662-72B1-47A2-CACB-08DB15BD9DB5","2023-02-23 19:51:59.827307","2023-02-23 19:51:59.827308",""
"2ED507B2-D52B-4288-394D-08DB45B7DE40","AB995316-AC5B-4F93-3F22-08DB008453BF","False","4FE06025-A41D-45A4-AD44-E24303311043","29F8B835-8EEB-420F-C770-08DB45B33A04","2023-04-25 18:20:24.179954","2023-04-25 18:20:24.179955",""
"3FAC7E34-F082-4839-813F-08DB1065B39C","AB995316-AC5B-4F93-3F22-08DB008453BF","False","77DCA498-628F-46CF-8F36-E4402B2526C2","2E5EBF0C-BB59-46FD-9912-08DB10625C01","2023-02-16 21:35:41.938601","2023-02-16 21:35:41.938603",""
"EBE72452-1268-4A66-C8DD-08DB2BD0FA06","AB995316-AC5B-4F93-3F22-08DB008453BF","False","7D59E495-0A10-4931-ABA5-E55C799FFACF","CBA1582B-B1EB-4AC7-630A-08DB2BD10AFE","2023-03-23 22:35:41.673638","2023-03-23 22:35:41.673639",""
"BD3D3005-0152-4868-E3E7-08DB1AB78737","AB995316-AC5B-4F93-3F22-08DB008453BF","False","637132E2-E90B-421C-92FD-E5AC14D8B993","686758E6-F59D-499B-481E-08DB1AB59309","2023-03-02 00:47:07.621861","2023-03-02 00:47:07.621862",""
"1CB9CEE1-5904-48A5-1814-08DB15BD3991","AB995316-AC5B-4F93-3F22-08DB008453BF","False","72BDE303-1ED1-4C0A-A2A1-E653321DA30E","54497A05-BCD9-4C2E-CAE1-08DB15BD9DB5","2023-02-23 20:48:04.627766","2023-02-23 20:48:04.627767",""
"D35D47FF-0276-4BF9-AD05-08DB36C371D9","AB995316-AC5B-4F93-3F22-08DB008453BF","False","64DF902A-BB54-4D3C-BAE6-E6F8F66F415A","E9339FDA-8CC7-4EDD-380D-08DB36C37F78","2023-04-06 17:29:25.650855","2023-04-06 17:29:25.650856",""
"913CE298-30B8-4E90-E48D-08DB19100A6E","AB995316-AC5B-4F93-3F22-08DB008453BF","False","685DA8CD-D746-491A-8207-EA8B3C005FCB","D2FD4633-1811-4C72-D440-08DB19105D2A","2023-02-27 23:07:44.296903","2023-02-27 23:07:44.296904",""
"279B735F-CCEB-4EE8-5E40-08DB2F1F530D","AB995316-AC5B-4F93-3F22-08DB008453BF","False","EE9DD0FB-DECE-4B0F-9865-EAB666C7F437","1CEF1DD1-1050-4E83-7178-08DB2F1A3DB2","2023-03-28 00:15:00.916207","2023-03-28 00:15:00.916207",""
"04F2462F-D5E3-4FD9-8141-08DB1065B39C","AB995316-AC5B-4F93-3F22-08DB008453BF","False","7173B80A-4131-4001-86D6-EC4DA2CD6F16","E24E134D-A592-443A-9925-08DB10625C01","2023-02-16 22:23:27.787265","2023-02-16 22:23:44.741616","2023-02-04 07:00:00"
"DC2DF1A1-B0AA-47F7-C5F8-08DB00840455","AB995316-AC5B-4F93-3F22-08DB008453BF","False","372A9DD8-F4FB-4A97-A92C-ED934E83276B","B2891C28-B1E7-4502-DFE4-08DB00878801","2023-01-27 16:57:10.581596","2023-01-27 16:57:10.581597",""
"AB2529F2-7E04-4116-C950-08DB0317A5BD","AB995316-AC5B-4F93-3F22-08DB008453BF","False","F644BF40-4FCF-4A3A-8113-EDB4E6F1BB5F","C74F077F-EC91-432F-479D-08DB0317C6FF","2023-01-30 23:48:22.448109","2023-01-30 23:48:22.448111",""
"AB2529F2-7E04-4116-C950-08DB0317A5BD","AB995316-AC5B-4F93-3F22-08DB008453BF","False","C987542C-CA01-41D9-B11D-EE95A0AB839C","C023AFD0-4E0A-4DB4-479C-08DB0317C6FF","2023-01-30 23:48:22.430885","2023-01-30 23:48:22.430886",""
"04F2462F-D5E3-4FD9-8141-08DB1065B39C","AB995316-AC5B-4F93-3F22-08DB008453BF","False","7F0B1078-F72D-4350-BB72-EF528D8BBB58","D5DC9593-2AC6-4433-9921-08DB10625C01","2023-02-16 22:22:29.345769","2023-02-16 22:22:29.345771",""
"8874B467-4DBA-4BFB-C5F5-08DB00840455","AB995316-AC5B-4F93-3F22-08DB008453BF","False","25985363-F4F3-4581-9163-EFBFCC81FA7E","46B30917-B6BF-4774-0020-08DB0085AF8C","2023-01-27 16:50:05.438039","2023-01-27 16:50:05.438040",""
"69476A8B-48DE-409B-394C-08DB45B7DE40","AB995316-AC5B-4F93-3F22-08DB008453BF","False","54169EA4-A5FF-46DE-9A9D-F098B30FF234","A3EE7412-B980-4CB7-C768-08DB45B33A04","2023-04-25 18:08:18.278668","2023-04-25 18:08:18.278669",""
"F823F86C-4BDE-44C3-180F-08DB15BD3991","AB995316-AC5B-4F93-3F22-08DB008453BF","False","F5762A71-7A59-4B87-88E8-F2A31B7EDEC1","375C4B9C-C2AF-43B5-CACE-08DB15BD9DB5","2023-02-23 19:51:59.873195","2023-02-23 19:51:59.873195",""
"58CAC6EF-B24A-4247-5E41-08DB2F1F530D","AB995316-AC5B-4F93-3F22-08DB008453BF","False","9D453D32-522D-4BA2-9F74-F665D0104E92","88269454-800C-4BE5-717B-08DB2F1A3DB2","2023-03-28 00:21:09.363789","2023-03-28 00:21:09.363790",""
"D35D47FF-0276-4BF9-AD05-08DB36C371D9","AB995316-AC5B-4F93-3F22-08DB008453BF","False","B47B5760-644A-43B7-A377-F7F14E865484","F29DC0DA-83EF-44EA-380B-08DB36C37F78","2023-04-06 17:22:28.949250","2023-04-06 17:22:28.949251",""
"A8F1734B-489B-40EC-1813-08DB15BD3991","AB995316-AC5B-4F93-3F22-08DB008453BF","False","E2A7AB3F-65A2-4267-ABF1-FA488375D33E","6E887681-5748-4360-CAD8-08DB15BD9DB5","2023-02-23 20:37:43.836014","2023-02-23 20:37:43.836015",""
"EDABC313-0F1E-4CBF-C94F-08DB0317A5BD","AB995316-AC5B-4F93-3F22-08DB008453BF","False","9264FBD3-4F8B-4451-AC63-FCBF9C08DEF9","A3A464FB-C30E-4689-4795-08DB0317C6FF","2023-01-30 23:14:46.112064","2023-01-30 23:14:46.112066",""
"58CAC6EF-B24A-4247-5E41-08DB2F1F530D","AB995316-AC5B-4F93-3F22-08DB008453BF","False","9BBDE8AF-BB29-45D7-B5D3-FD522CA276CC","E915A78F-32B5-4825-717C-08DB2F1A3DB2","2023-03-28 00:21:09.375422","2023-03-28 00:21:09.375423",""
"C866C599-984B-488A-9541-08DB0AD09684","AB995316-AC5B-4F93-3F22-08DB008453BF","False","7DE3134F-4D6A-48BF-AECC-FE8C54574DEF","","0001-01-01 00:00:00","0001-01-01 00:00:00",""
"C866C599-984B-488A-9541-08DB0AD09684","AB995316-AC5B-4F93-3F22-08DB008453BF","False","A91A2065-95D4-4D55-B611-FF05B3A26A26","2B5AD7F0-9C65-4FFA-53E3-08DB0AD0A5A8","2023-02-09 22:32:50.371569","2023-02-09 22:32:50.371571",""
